242

Gaetuli qens Africae Afr. 25, 2.
32, 3, [4]. 35, 2, 4, 6. 55, 1, 2,
56, 3. 61, 2, 3, 5. 62, 1. 67, 1.
93, 1, 2.

Galba v. Sulpicius.

Galba, γεω Suessionum G. 11
4, 7, 13, 1,

Galli 3) incolae Galliae G. 1
1, 13 2; 43 5. 17, 3. 19,4. 25, 3.
31, 5, 12,14. 33,1. 39, 1. 40, 3
(bis). 41,4. 42, 5. 44, 2330275).
111, 3,2, 3.,42,6,2.12, 5.
17,2 24,4. 30,4.1111,6,21,
8,3.1Ο,14,4.186,196.
28,.1 IV2,2.5,.1 13,3. 15,5.

45,4. 49,.1 50, 2.53,5· 6. 54,2.
.1Ῑ17,7. 8,.1 16,1,18,1.
19,4.24,,1 5. 30,.3 34,.8 VH
1ι,’.,’;.212413,,7,7.,,2154177
9,2. 20,7. 22,1. 26,ι,5, 29,6.
30,1,4. 4Ο,7. 45,6. 46,3. 51,1.
59,1. 69, 5. 70, 6. 73,1. 75,1.
80, 3,4. 81,1, 4 82,1. 83,1.
81366, 88, 6. V1411,2. 2, 1.
5,2’, 9, ἰ 10,212,5. 14,2.
15, 5. 623, 6. 39, 3. C ΙΠ4,4.
Afr 20, 1. 73,2 .. H. 32, 3. —
GallusG.IHl8,1. V45,4. 48,7.
49,2, 51,2, 171125,2. b)= Ga-
lastae, &auom-aeci, equites Pom-
pei 0111 4, 3.

Galli equites Caesaris G.I 23, 2.
42, 5. V48, 3. (3.1 51, 4.
114Ο,1. 1Π22,3. Α1,17,3, Afr.
6, 3. 19, 3, 4, 34, 4. 40, (3, 5).

Galli Labieniani Afr. 29, 1.

Gallia (omnis, boba, universa)
G.,11136. 2,2. 3,6;7.16,2.
17, 3, 4. 20,2 ,4. 3Ο,1,2 33(bis); 4.
31,3,71ο11163334
34,3, 4. d',.353 37,2 .43,7. 44,;2
33 6 (bis), 7, 8, 1ο, 13. 45,1, 3
(bis). 46, 4. 53, 4. 11 1, 1 (ὂίε),
2—4. 3,1. 4,2, 6. 35,1. 111 7,1
(bis). 11, 3. 17, 4. 20, 1. 28, 1.
IV6, 5. 8,1,2. 16,1;3,4. 19,4.

INDEX NOMINUM.

20, 1. 29, 4. V3, 1. 5,3;4(bis).
6, 3; 4, 5(bis); 6. 8,1. 12,5; 7.
13,1(bis);2. 2O,1. 22,4. 24,1;8.
27, 5. 29, 436. 41, 3. 53, 3, 4.
54, 1; 2. 55, 3, 4. 56, 4. 58, 7.
VI 1, 13 3. 3, 4. 5,1,4. 11, 1,
2,3. 12,1;4. 13,1,1ο,11.29,4.
31, 5. 44,1. 17111,1, 4, 5(ὺι”ε).
3,2, 4, 1. 10, 1.15, 4. 20, 2.
25,1. 29, 6. 31, 4. 34,1. 37,3
(bis). 43,5. 55,2. 59,1;5. 63,5.
66, 1, 3. 71, 9.

46,1,4;6. 48,10. 49,2,
54, 5. 016,
29,2,3. 39,
1112, 3. 42, 3. 59,
Afr. 40, 5. 73, 2. fr. p. 205, 1.
Galliae, arum G. IV 20, 3.
Galliae partes:

(G. Cisalpina G. VI 1, 2.

G. citerior GI 24, 3. 54, 3.

111,1. 2,1. V 1,

provincia G. V 1, 5.

G.togataG.V1H 24,3. 52,1;2. ,
(G. provincia GI 19, 3. 28, 4. ,
53, 6. ΠΙ 20, 2.

1
i
Ξ

35, 4. 44, 7.
O. I 39, 2.
provincia G. 17, 2,
10,1,
33, 4. 1Π 2,

 

2 VI',111.6,.⁰ 7,2’;

3. 1711130, 1. 32,1.

6. 17111 54,2

2.7,,11[29,.4

G. TransalpinaG. VH 1, 2. 6, 1.

3ΙΟΓ.111161101(1.17,1, 2.10, 3.

112,1.C.1 33, 4.
lpiovinoia ulteiioi G. I 10,5

Gallicus, 3, um: aedificia G. 17
11. —- arma .
atque iusignia 122, 2. -- bel· ¹

12, 3. —- ager 131,

76, 2. 77, 7, 9,
14,16. 171111110061112. 1,1. 22,1.
24, 2. 30, κῦίε), 31, 4, 5. 39, 2.
3. 51,1.
5. 7,7. 10, 3. 18, 5.
2. 48, 4. 51,1. H1,2.
2. 79, 6. 87,1.

1.{ Vffl23,2. 54,2.. C.I⁰1'1827',4J
citerior provmffla G. I 10, 5.

3. 8,1;3.
,5. 14, 3. 15,1.
5. 6, 5. 9, 1.
1 5. 55, 9.
[06⁵² 59,1 644, 8. 65,ι, 4.

..C 122, 5.
provincia nostr-2 G. 1 2, 3.

 

